169
361
2491
5893
35657
216221
735887
1238869
6753211
38723383
81149429
830848519
2276155009
6966385577
25765084651
162480047789
962055248521
3755807547131
12092003119787
29504734129649
151653320385089
474511911713443
3933747014934617
15873105473823833
43560527884568921
191943515841609073
342246840513589727
2265294225974691559
5408819600197962161
46940369098888269031
180985480978367759131
779588131642009051853
2850545596977529075277
13237501261551375026047
47848239143874581713261
117233093516000737196167
788518095080934269974387
2507001029376210844133927
6238780003034392909112471
50881421489628158868730717
239718338758441930619998357
406487322363114393260408299
2330095620596233581687503111
7050210172342102511293361213
34497134041344255911678466727
120505889410038890620182520483
682336029190979210275887309359
2299014979712484142305888810037
8960594584577868461757278137433
69069639195774120617161839062137
241962800618960387125696868682451
675797235102404894127952868276857
3076056254877767681607207674288857
12462466307898708723860989693090481
56626021611500517904570735789382377
276358698473241242816594229666904111
458211678109858712316688485481621549
2822482099722620319884158496499166081
11300828599441109406001657145029768193
28310955883139295170130858937894379533
121
289
2173
11639
34717
107587
552337
2746489
11831161
47906503
131489243
847017427
2394152287
8069477677
35838168829
195517389931
782910336361
2692758628723
12034287411131
26517404124269
237469152211813
602560667535913
1973237712079771
6401119889367961
29533696716627959
101464285422762967
477482716634943121
2247193066536608101
11665194099072316631
24411876932865091919
199065786633191715499
564644532367573156453
2320043857744694158163
7518927535429059654217
53740694464429303587413
259293898904470373586653
610294258086529898633879
2691309848588737756817713
8134692640638924195594413
44438824578849024371251387
216811202031570292846074937
614244330384687544897248521
3079415123490336959371125611
13908685510786050099544967897
27683521447205373247437082007
174275122107289693367606468977
615071211089074576237062241397
2344216356246292997114694146311
5439767868844150060240926811433
60382220097172018687253593443673
173955916034425816737773561832683
1078352740124443968192634440506269
3567496398751108504942932323962079
9518633876454263347362345260809033
66450881316276521035935717985790131
192806987028204577139056841288524171
430574224837464544817995000304360411
2627126352349170685597993636943217169
12477032426069367507339440541069522799
52160841217750442151277585747251537053
143
361
2491
11009
37901
121477
566207
2991211
8134241
38811811
143877677
735783431
2076658127
7948031339
37993792877
194002765819
556146676087
1826405916883
6550145577191
25253782764577
163701718156267
625582417187593
2513075177642473
11130619038670841
25363116096987187
89383498408210403
710258381950640219
3529426498504512989
11091981669104437897
35103128408499398659
98807913687022854989
984503861301501885731
2884337511603841530427
8519100376215467966597
29137646695451318137331
264730312466657504172217
832491690358650049594343
1722802532670113475920557
13861982046767249559923509
49588818499930646225469287
171710526959196919839885139
856525138320918990251542649
3722192901563418729272967373
7257014679193354507818733643
36461339397745131661439676563
285683115982431661672601774849
766249491260683391203151195813
3578563865688772008413170802627
12909801064119545531869028884501
73310328788092416718590978087949
233564659209497735254310843709761
698577246594141737798821561569481
1677561604029716546671558103889773
9974751481202006037903074737980511
35752775918535812060286437289353453
133415962686870402005738240327600971
817531279982339764451590690880874097
3041471823978042993111087931074494839
15851866936381548345881985089557806503
48545614994233935620082994082778083989
