4 169 1 0
5 19 19 0
6 2491 1 0
7 83 71 0
8 197 181 0
9 467 463 0
10 761 967 0
11 1181 1049 1
12 2411 2801 0
13 5179 7477 0
14 9859 8231 0
15 32063 25913 3
16 38749 58741 1
17 77543 89839 2
18 173347 148633 4
19 456683 355783 4
20 1004167 958063 8
21 2066161 1817771 7
22 3788669 3191623 16
23 5495333 5369053 9
24 14470843 10479923 9
25 23530447 20165869 49
26 64663831 60833807 47
27 129763993 122322881 80
28 253609541 171762181 153
29 394527997 486514309 469
30 602639419 567913133 174
31 1619449883 1398804773 734
32 2395880749 2257549589 438
33 6875113261 6827577571 779
34 10872814349 16645688519 1892
35 26619701159 29286133867 2337
36 65626753421 43435724737 3587
37 118353614201 111847038647 4939
